112
117
101
111
97
100
112
58
32
91
39
103
101
113
100
122
109
121
113
39
44
32
39
98
109
101
101
105
97
100
112
39
93
114
109
111
113
110
97
97
119
58
32
91
39
114
110
39
44
32
39
113
109
39
93
114
117
101
116
117
122
115
58
32
91
39
114
39
44
32
39
101
97
111
117
113
102
107
39
93
115
97
97
115
120
113
49
58
32
91
39
120
102
114
110
108
105
105
102
117
98
39
44
32
39
54
48
56
95
98
122
117
116
110
122
97
115
103
39
93
115
97
97
115
120
113
50
58
32
91
39
105
39
44
32
39
97
115
120
113
39
93
115
97
97
115
120
113
51
58
32
91
39
103
101
113
100
122
109
121
113
39
44
32
39
98
109
101
101
105
97
100
112
39
93
117
122
101
102
109
115
100
109
121
58
32
91
39
103
101
113
100
122
109
121
113
39
44
32
39
98
109
101
101
105
97
100
112
39
93
120
117
111
116
113
101
101
46
97
100
115
58
32
91
39
103
101
113
100
122
109
121
113
39
44
32
39
98
109
101
101
105
97
100
112
39
93
120
117
101
116
97
115
117
46
97
100
115
58
32
91
39
103
101
113
100
122
109
121
113
39
44
32
39
98
109
101
101
105
97
100
112
39
93
121
117
111
100
97
101
97
114
102
58
32
91
39
103
101
113
100
122
109
121
113
39
44
32
39
98
109
101
101
105
97
100
112
39
93
122
113
105
95
98
58
32
91
39
102
116
117
101
39
44
32
39
105
97
100
119
101
39
93
98
117
108
108
109
58
32
91
39
102
116
113
39
44
32
39
98
117
108
108
109
39
93
98
120
109
102
114
97
100
121
58
32
91
39
103
101
113
100
122
109
121
113
39
44
32
39
98
109
101
101
105
97
100
112
39
93
98
100
97
118
113
111
102
95
113
103
120
113
100
58
32
91
39
103
101
113
100
122
109
121
113
39
44
32
39
98
109
101
101
105
97
100
112
39
93
101
98
97
102
117
114
107
58
32
91
39
103
101
113
100
122
109
121
113
39
44
32
39
98
109
101
101
105
97
100
112
39
93
101
102
113
109
121
58
32
91
39
103
101
113
100
122
109
121
113
39
44
32
39
98
109
101
101
105
97
100
112
39
93
102
109
119
113
109
120
97
102
58
32
91
39
103
101
113
100
122
109
121
113
39
44
32
39
98
109
101
101
105
97
100
112
39
93
102
105
117
102
111
116
58
32
91
39
103
101
113
100
122
109
121
113
39
44
32
39
98
109
101
101
105
97
100
112
39
93
102
105
117
102
102
113
100
58
32
91
39
103
101
113
100
122
109
121
113
39
44
32
39
98
109
101
101
105
97
100
112
39
93
114
110
58
32
91
39
122
113
105
39
44
32
39
114
109
111
113
39
93
121
117
111
100
97
101
97
114
102
58
32
91
39
121
101
39
44
32
39
98
109
117
122
102
39
93
